% NACA_0012.dat
   302	302
% UPPER SURFACE  
  6.1877965000E-10  -1.3010426000E-18
  3.9375398512E-04   3.3567501426E-03
  1.4965442256E-03   6.5536772132E-03
  3.1427023941E-03   9.5101725492E-03
  5.1767021459E-03   1.2216245696E-02
  7.4862206749E-03   1.4692399727E-02
  9.9971086930E-03   1.6964734321E-02
  1.2661639078E-02   1.9055159831E-02
  1.5449436739E-02   2.0978330151E-02
  1.8340317636E-02   2.2742899802E-02
  2.1317204213E-02   2.4358326070E-02
  2.4361866299E-02   2.5842309313E-02
  2.7455378536E-02   2.7221808704E-02
  3.0581807178E-02   2.8525145527E-02
  3.3730396667E-02   2.9774072087E-02
  3.6895083656E-02   3.0981658007E-02
  4.0073157000E-02   3.2153569474E-02
  4.3264019136E-02   3.3290194161E-02
  4.6468244028E-02   3.4388570877E-02
  4.9686851684E-02   3.5444039996E-02
  5.2920674986E-02   3.6451910575E-02
  5.6169860468E-02   3.7409090763E-02
  5.9433775988E-02   3.8314773584E-02
  6.2711138521E-02   3.9170534672E-02
  6.6000194543E-02   3.9980215919E-02
  6.9298939913E-02   4.0749500304E-02
  7.2605356806E-02   4.1485141808E-02
  7.5917640016E-02   4.2193923531E-02
  7.9234386197E-02   4.2881531304E-02
  8.2554662684E-02   4.3551891629E-02
  8.5877930911E-02   4.4207262676E-02
  8.9203946673E-02   4.4848544914E-02
  9.2532671086E-02   4.5475614493E-02
  9.5864191908E-02   4.6087651045E-02
  9.9198653487E-02   4.6683454830E-02
  1.0253619386E-01   4.7261760003E-02
  1.0587689576E-01   4.7821510514E-02
  1.0922077407E-01   4.8361960082E-02
  1.1256778422E-01   4.8882661530E-02
  1.1591783176E-01   4.9383449307E-02
  1.1927078170E-01   4.9864421635E-02
  1.2262646764E-01   5.0325920478E-02
  1.2598470047E-01   5.0768507971E-02
  1.2934527674E-01   5.1192938444E-02
  1.3270798630E-01   5.1600125602E-02
  1.3607261929E-01   5.1991104857E-02
  1.3943897226E-01   5.2366991226E-02
  1.4280685341E-01   5.2728933503E-02
  1.4617608696E-01   5.3078065669E-02
  1.4954651682E-01   5.3415456576E-02
  1.5291800942E-01   5.3742059192E-02
  1.5629045517E-01   5.4058670172E-02
  1.5966376643E-01   5.4365923966E-02
  1.6303787415E-01   5.4664305370E-02
  1.6641272477E-01   5.4954164130E-02
  1.6978827740E-01   5.5235730219E-02
  1.7316450132E-01   5.5509129500E-02
  1.7654137367E-01   5.5774399579E-02
  1.7991887741E-01   5.6031505738E-02
  1.8329699937E-01   5.6280356913E-02
  1.8667572862E-01   5.6520821723E-02
  1.9005505492E-01   5.6752744612E-02
  1.9343496736E-01   5.6975962185E-02
  1.9681545324E-01   5.7190319822E-02
  2.0019649709E-01   5.7395688674E-02
  2.0357807990E-01   5.7591982863E-02
  2.0696017896E-01   5.7779171608E-02
  2.1034276846E-01   5.7957278986E-02
  2.1372582020E-01   5.8126379173E-02
  2.1710930453E-01   5.8286591400E-02
  2.2049319095E-01   5.8438074695E-02
  2.2387744872E-01   5.8581022407E-02
  2.2726204748E-01   5.8715656505E-02
  2.3064695762E-01   5.8842221649E-02
  2.3403215073E-01   5.8960979049E-02
  2.3741759989E-01   5.9072200130E-02
  2.4080327985E-01   5.9176160023E-02
  2.4418916724E-01   5.9273130920E-02
  2.4757524063E-01   5.9363375312E-02
  2.5096148057E-01   5.9447139145E-02
  2.5434786955E-01   5.9524645168E-02
  2.5773439188E-01   5.9596089289E-02
  2.6112103340E-01   5.9661641471E-02
  2.6450778128E-01   5.9721447695E-02
  2.6789462378E-01   5.9775632006E-02
  2.7128155008E-01   5.9824298591E-02
  2.7466855007E-01   5.9867533911E-02
  2.7805561426E-01   5.9905408846E-02
  2.8144273360E-01   5.9937980883E-02
  2.8482989941E-01   5.9965296318E-02
  2.8821710330E-01   5.9987392483E-02
  2.9160433707E-01   6.0004299992E-02
  2.9499159267E-01   6.0016045011E-02
  2.9837886220E-01   6.0022651549E-02
  3.0176613784E-01   6.0024143769E-02
  3.0515341191E-01   6.0020548156E-02
  3.0854067683E-01   6.0011894591E-02
  3.1192792520E-01   5.9998216348E-02
  3.1531514975E-01   5.9979549946E-02
  3.1870234343E-01   5.9955934998E-02
  3.2208949935E-01   5.9927414055E-02
  3.2547661086E-01   5.9894032444E-02
  3.2886367153E-01   5.9855838110E-02
  3.3225067515E-01   5.9812881442E-02
  3.3563761577E-01   5.9765215102E-02
  3.3902448769E-01   5.9712893853E-02
  3.4241128545E-01   5.9655974376E-02
  3.4579800389E-01   5.9594515083E-02
  3.4918463806E-01   5.9528575934E-02
  3.5257118333E-01   5.9458218240E-02
  3.5595763531E-01   5.9383504469E-02
  3.5934398986E-01   5.9304498045E-02
  3.6273024312E-01   5.9221263146E-02
  3.6611639149E-01   5.9133864495E-02
  3.6950243158E-01   5.9042367154E-02
  3.7288836029E-01   5.8946836304E-02
  3.7627417471E-01   5.8847337035E-02
  3.7965987217E-01   5.8743934128E-02
  3.8304545019E-01   5.8636691828E-02
  3.8643090651E-01   5.8525673626E-02
  3.8981623902E-01   5.8410942032E-02
  3.9320144579E-01   5.8292558348E-02
  3.9658652503E-01   5.8170582441E-02
  3.9997147509E-01   5.8045072510E-02
  4.0335629442E-01   5.7916084857E-02
  4.0674098156E-01   5.7783673722E-02
  4.1012553513E-01   5.7647891270E-02
  4.1350995383E-01   5.7508787655E-02
  4.1689423643E-01   5.7366411075E-02
  4.2027838174E-01   5.7220807836E-02
  4.2366238865E-01   5.7072022420E-02
  4.2704625607E-01   5.6920097543E-02
  4.3042998296E-01   5.6765074225E-02
  4.3381356832E-01   5.6606991854E-02
  4.3719701117E-01   5.6445888257E-02
  4.4058031058E-01   5.6281799762E-02
  4.4396346563E-01   5.6114761274E-02
  4.4734647543E-01   5.5944806339E-02
  4.5072933911E-01   5.5771967216E-02
  4.5411205580E-01   5.5596274949E-02
  4.5749462468E-01   5.5417759438E-02
  4.6087704493E-01   5.5236449508E-02
  4.6425931575E-01   5.5052372986E-02
  4.6764143635E-01   5.4865556772E-02
  4.7102340597E-01   5.4676026911E-02
  4.7440522385E-01   5.4483808670E-02
  4.7778688928E-01   5.4288926610E-02
  4.8116840154E-01   5.4091404661E-02
  4.8454975996E-01   5.3891266202E-02
  4.8793096386E-01   5.3688534127E-02
  4.9131201262E-01   5.3483230933E-02
  4.9469290564E-01   5.3275378787E-02
  4.9807364236E-01   5.3064999609E-02
  5.0145422224E-01   5.2852115144E-02
  5.0483464481E-01   5.2636747044E-02
  5.0821490963E-01   5.2418916900E-02
  5.1159501629E-01   5.2198646248E-02
  5.1497496444E-01   5.1975956570E-02
  5.1835475377E-01   5.1750869279E-02
  5.2173438400E-01   5.1523405726E-02
  5.2511385492E-01   5.1293587187E-02
  5.2849316632E-01   5.1061434862E-02
  5.3187231804E-01   5.0826969869E-02
  5.3525130998E-01   5.0590213239E-02
  5.3863014206E-01   5.0351185906E-02
  5.4200881422E-01   5.0109908710E-02
  5.4538732646E-01   4.9866402379E-02
  5.4876567879E-01   4.9620687533E-02
  5.5214387127E-01   4.9372784672E-02
  5.5552190399E-01   4.9122714169E-02
  5.5889977705E-01   4.8870496266E-02
  5.6227749060E-01   4.8616151061E-02
  5.6565504480E-01   4.8359698508E-02
  5.6903243986E-01   4.8101158403E-02
  5.7240967597E-01   4.7840550379E-02
  5.7578675339E-01   4.7577893900E-02
  5.7916367238E-01   4.7313208245E-02
  5.8254043321E-01   4.7046512511E-02
  5.8591703619E-01   4.6777825593E-02
  5.8929348164E-01   4.6507166185E-02
  5.9266976988E-01   4.6234552763E-02
  5.9604590126E-01   4.5960003583E-02
  5.9942187614E-01   4.5683536668E-02
  6.0279769490E-01   4.5405169798E-02
  6.0617335790E-01   4.5124920504E-02
  6.0954886554E-01   4.4842806054E-02
  6.1292421821E-01   4.4558843442E-02
  6.1629941630E-01   4.4273049378E-02
  6.1967446021E-01   4.3985440275E-02
  6.2304935035E-01   4.3696032242E-02
  6.2642408709E-01   4.3404841064E-02
  6.2979867085E-01   4.3111882202E-02
  6.3317310200E-01   4.2817170774E-02
  6.3654738093E-01   4.2520721548E-02
  6.3992150800E-01   4.2222548928E-02
  6.4329548359E-01   4.1922666950E-02
  6.4666930802E-01   4.1621089263E-02
  6.5004298165E-01   4.1317829123E-02
  6.5341650478E-01   4.1012899386E-02
  6.5678987771E-01   4.0706312489E-02
  6.6016310072E-01   4.0398080446E-02
  6.6353617406E-01   4.0088214839E-02
  6.6690909796E-01   3.9776726802E-02
  6.7028187263E-01   3.9463627014E-02
  6.7365449825E-01   3.9148925692E-02
  6.7702697495E-01   3.8832632576E-02
  6.8039930286E-01   3.8514756921E-02
  6.8377148206E-01   3.8195307488E-02
  6.8714351259E-01   3.7874292534E-02
  6.9051539445E-01   3.7551719801E-02
  6.9388712762E-01   3.7227596508E-02
  6.9725871202E-01   3.6901929340E-02
  7.0063014754E-01   3.6574724438E-02
  7.0400143400E-01   3.6245987393E-02
  7.0737257121E-01   3.5915723243E-02
  7.1074355891E-01   3.5583936492E-02
  7.1411439679E-01   3.5250631127E-02
  7.1748508451E-01   3.4915810645E-02
  7.2085562169E-01   3.4579478069E-02
  7.2422600790E-01   3.4241635971E-02
  7.2759624267E-01   3.3902286493E-02
  7.3096632550E-01   3.3561431366E-02
  7.3433625584E-01   3.3219071934E-02
  7.3770603312E-01   3.2875209172E-02
  7.4107565672E-01   3.2529843708E-02
  7.4444512599E-01   3.2182975844E-02
  7.4781444026E-01   3.1834605576E-02
  7.5118359882E-01   3.1484732615E-02
  7.5455260093E-01   3.1133356407E-02
  7.5792144584E-01   3.0780476155E-02
  7.6129013276E-01   3.0426090838E-02
  7.6465866087E-01   3.0070199232E-02
  7.6802702935E-01   2.9712799932E-02
  7.7139523735E-01   2.9353891371E-02
  7.7476328400E-01   2.8993471839E-02
  7.7813116842E-01   2.8631539508E-02
  7.8149888972E-01   2.8268092446E-02
  7.8486644698E-01   2.7903128643E-02
  7.8823383929E-01   2.7536646028E-02
  7.9160106573E-01   2.7168642493E-02
  7.9496812536E-01   2.6799115906E-02
  7.9833501726E-01   2.6428064139E-02
  8.0170174050E-01   2.6055485085E-02
  8.0506829413E-01   2.5681376674E-02
  8.0843467724E-01   2.5305736879E-02
  8.1180088889E-01   2.4928563708E-02
  8.1516692815E-01   2.4549855186E-02
  8.1853279410E-01   2.4169609347E-02
  8.2189848580E-01   2.3787824223E-02
  8.2526400231E-01   2.3404497825E-02
  8.2862934267E-01   2.3019628139E-02
  8.3199450595E-01   2.2633213110E-02
  8.3535949118E-01   2.2245250628E-02
  8.3872429739E-01   2.1855738519E-02
  8.4208892358E-01   2.1464674532E-02
  8.4545336877E-01   2.1072056328E-02
  8.4881763194E-01   2.0677881463E-02
  8.5218171205E-01   2.0282147383E-02
  8.5554560806E-01   1.9884851408E-02
  8.5890931890E-01   1.9485990720E-02
  8.6227284348E-01   1.9085562351E-02
  8.6563618068E-01   1.8683563173E-02
  8.6899932937E-01   1.8279989884E-02
  8.7236228837E-01   1.7874838997E-02
  8.7572505648E-01   1.7468106827E-02
  8.7908763249E-01   1.7059789482E-02
  8.8245001513E-01   1.6649882848E-02
  8.8581220311E-01   1.6238382577E-02
  8.8917419509E-01   1.5825284079E-02
  8.9253598971E-01   1.5410582507E-02
  8.9589758556E-01   1.4994272744E-02
  8.9925898118E-01   1.4576349396E-02
  9.0262017508E-01   1.4156806777E-02
  9.0598116572E-01   1.3735638906E-02
  9.0934195152E-01   1.3312839544E-02
  9.1270253085E-01   1.2888402254E-02
  9.1606290207E-01   1.2462320452E-02
  9.1942306351E-01   1.2034587474E-02
  9.2278301351E-01   1.1605196628E-02
  9.2614275036E-01   1.1174141257E-02
  9.2950227238E-01   1.0741414796E-02
  9.3286157791E-01   1.0307010829E-02
  9.3622066529E-01   9.8709231514E-03
  9.3957953287E-01   9.4331458240E-03
  9.4293817907E-01   8.9936732340E-03
  9.4629660232E-01   8.5525001526E-03
  9.4965480112E-01   8.1096217934E-03
  9.5301277402E-01   7.6650338699E-03
  9.5637051964E-01   7.2187326365E-03
  9.5972803666E-01   6.7707148766E-03
  9.6308532381E-01   6.3209778663E-03
  9.6644237991E-01   5.8695193360E-03
  9.6979920379E-01   5.4163374326E-03
  9.7315579436E-01   4.9614306813E-03
  9.7651215057E-01   4.5047979478E-03
  9.7986827139E-01   4.0464384005E-03
  9.8322415584E-01   3.5863514719E-03
  9.8657980297E-01   3.1245368214E-03
  9.8993521185E-01   2.6609942973E-03
  9.9329038157E-01   2.1957238985E-03
  9.9664531125E-01   1.7287257370E-03
  1.0000000000E+00   1.2600000000E-03
%LOWER SURFACE
  6.1877965000E-10  -1.3010426000E-18
  3.9375398512E-04  -3.3567501426E-03
  1.4965442256E-03  -6.5536772132E-03
  3.1427023941E-03  -9.5101725492E-03
  5.1767021459E-03  -1.2216245696E-02
  7.4862206749E-03  -1.4692399727E-02
  9.9971086930E-03  -1.6964734321E-02
  1.2661639078E-02  -1.9055159831E-02
  1.5449436739E-02  -2.0978330151E-02
  1.8340317636E-02  -2.2742899802E-02
  2.1317204213E-02  -2.4358326070E-02
  2.4361866299E-02  -2.5842309313E-02
  2.7455378536E-02  -2.7221808704E-02
  3.0581807178E-02  -2.8525145527E-02
  3.3730396667E-02  -2.9774072087E-02
  3.6895083656E-02  -3.0981658007E-02
  4.0073157000E-02  -3.2153569474E-02
  4.3264019136E-02  -3.3290194161E-02
  4.6468244028E-02  -3.4388570877E-02
  4.9686851684E-02  -3.5444039996E-02
  5.2920674986E-02  -3.6451910575E-02
  5.6169860468E-02  -3.7409090763E-02
  5.9433775988E-02  -3.8314773584E-02
  6.2711138521E-02  -3.9170534672E-02
  6.6000194543E-02  -3.9980215919E-02
  6.9298939913E-02  -4.0749500304E-02
  7.2605356806E-02  -4.1485141808E-02
  7.5917640016E-02  -4.2193923531E-02
  7.9234386197E-02  -4.2881531304E-02
  8.2554662684E-02  -4.3551891629E-02
  8.5877930911E-02  -4.4207262676E-02
  8.9203946673E-02  -4.4848544914E-02
  9.2532671086E-02  -4.5475614493E-02
  9.5864191908E-02  -4.6087651045E-02
  9.9198653487E-02  -4.6683454830E-02
  1.0253619386E-01  -4.7261760003E-02
  1.0587689576E-01  -4.7821510514E-02
  1.0922077407E-01  -4.8361960082E-02
  1.1256778422E-01  -4.8882661530E-02
  1.1591783176E-01  -4.9383449307E-02
  1.1927078170E-01  -4.9864421635E-02
  1.2262646764E-01  -5.0325920478E-02
  1.2598470047E-01  -5.0768507971E-02
  1.2934527674E-01  -5.1192938444E-02
  1.3270798630E-01  -5.1600125602E-02
  1.3607261929E-01  -5.1991104857E-02
  1.3943897226E-01  -5.2366991226E-02
  1.4280685341E-01  -5.2728933503E-02
  1.4617608696E-01  -5.3078065669E-02
  1.4954651682E-01  -5.3415456576E-02
  1.5291800942E-01  -5.3742059192E-02
  1.5629045517E-01  -5.4058670172E-02
  1.5966376643E-01  -5.4365923966E-02
  1.6303787415E-01  -5.4664305370E-02
  1.6641272477E-01  -5.4954164130E-02
  1.6978827740E-01  -5.5235730219E-02
  1.7316450132E-01  -5.5509129500E-02
  1.7654137367E-01  -5.5774399579E-02
  1.7991887741E-01  -5.6031505738E-02
  1.8329699937E-01  -5.6280356913E-02
  1.8667572862E-01  -5.6520821723E-02
  1.9005505492E-01  -5.6752744612E-02
  1.9343496736E-01  -5.6975962185E-02
  1.9681545324E-01  -5.7190319822E-02
  2.0019649709E-01  -5.7395688674E-02
  2.0357807990E-01  -5.7591982863E-02
  2.0696017896E-01  -5.7779171608E-02
  2.1034276846E-01  -5.7957278986E-02
  2.1372582020E-01  -5.8126379173E-02
  2.1710930453E-01  -5.8286591400E-02
  2.2049319095E-01  -5.8438074695E-02
  2.2387744872E-01  -5.8581022407E-02
  2.2726204748E-01  -5.8715656505E-02
  2.3064695762E-01  -5.8842221649E-02
  2.3403215073E-01  -5.8960979049E-02
  2.3741759989E-01  -5.9072200130E-02
  2.4080327985E-01  -5.9176160023E-02
  2.4418916724E-01  -5.9273130920E-02
  2.4757524063E-01  -5.9363375312E-02
  2.5096148057E-01  -5.9447139145E-02
  2.5434786955E-01  -5.9524645168E-02
  2.5773439188E-01  -5.9596089289E-02
  2.6112103340E-01  -5.9661641471E-02
  2.6450778128E-01  -5.9721447695E-02
  2.6789462378E-01  -5.9775632006E-02
  2.7128155008E-01  -5.9824298591E-02
  2.7466855007E-01  -5.9867533911E-02
  2.7805561426E-01  -5.9905408846E-02
  2.8144273360E-01  -5.9937980883E-02
  2.8482989941E-01  -5.9965296318E-02
  2.8821710330E-01  -5.9987392483E-02
  2.9160433707E-01  -6.0004299992E-02
  2.9499159267E-01  -6.0016045011E-02
  2.9837886220E-01  -6.0022651549E-02
  3.0176613784E-01  -6.0024143769E-02
  3.0515341191E-01  -6.0020548156E-02
  3.0854067683E-01  -6.0011894591E-02
  3.1192792520E-01  -5.9998216348E-02
  3.1531514975E-01  -5.9979549946E-02
  3.1870234343E-01  -5.9955934998E-02
  3.2208949935E-01  -5.9927414055E-02
  3.2547661086E-01  -5.9894032444E-02
  3.2886367153E-01  -5.9855838110E-02
  3.3225067515E-01  -5.9812881442E-02
  3.3563761577E-01  -5.9765215102E-02
  3.3902448769E-01  -5.9712893853E-02
  3.4241128545E-01  -5.9655974376E-02
  3.4579800389E-01  -5.9594515083E-02
  3.4918463806E-01  -5.9528575934E-02
  3.5257118333E-01  -5.9458218240E-02
  3.5595763531E-01  -5.9383504469E-02
  3.5934398986E-01  -5.9304498045E-02
  3.6273024312E-01  -5.9221263146E-02
  3.6611639149E-01  -5.9133864495E-02
  3.6950243158E-01  -5.9042367154E-02
  3.7288836029E-01  -5.8946836304E-02
  3.7627417471E-01  -5.8847337036E-02
  3.7965987217E-01  -5.8743934128E-02
  3.8304545019E-01  -5.8636691828E-02
  3.8643090651E-01  -5.8525673626E-02
  3.8981623902E-01  -5.8410942032E-02
  3.9320144579E-01  -5.8292558349E-02
  3.9658652503E-01  -5.8170582442E-02
  3.9997147509E-01  -5.8045072511E-02
  4.0335629442E-01  -5.7916084858E-02
  4.0674098156E-01  -5.7783673723E-02
  4.1012553513E-01  -5.7647891271E-02
  4.1350995383E-01  -5.7508787656E-02
  4.1689423643E-01  -5.7366411076E-02
  4.2027838174E-01  -5.7220807838E-02
  4.2366238865E-01  -5.7072022422E-02
  4.2704625607E-01  -5.6920097545E-02
  4.3042998296E-01  -5.6765074226E-02
  4.3381356832E-01  -5.6606991856E-02
  4.3719701117E-01  -5.6445888259E-02
  4.4058031058E-01  -5.6281799764E-02
  4.4396346563E-01  -5.6114761277E-02
  4.4734647543E-01  -5.5944806342E-02
  4.5072933911E-01  -5.5771967219E-02
  4.5411205580E-01  -5.5596274952E-02
  4.5749462468E-01  -5.5417759441E-02
  4.6087704493E-01  -5.5236449511E-02
  4.6425931575E-01  -5.5052372990E-02
  4.6764143635E-01  -5.4865556776E-02
  4.7102340597E-01  -5.4676026915E-02
  4.7440522385E-01  -5.4483808674E-02
  4.7778688928E-01  -5.4288926614E-02
  4.8116840154E-01  -5.4091404666E-02
  4.8454975996E-01  -5.3891266207E-02
  4.8793096386E-01  -5.3688534133E-02
  4.9131201262E-01  -5.3483230939E-02
  4.9469290564E-01  -5.3275378793E-02
  4.9807364236E-01  -5.3064999614E-02
  5.0145422224E-01  -5.2852115150E-02
  5.0483464481E-01  -5.2636747050E-02
  5.0821490963E-01  -5.2418916905E-02
  5.1159501629E-01  -5.2198646254E-02
  5.1497496444E-01  -5.1975956575E-02
  5.1835475377E-01  -5.1750869285E-02
  5.2173438400E-01  -5.1523405731E-02
  5.2511385492E-01  -5.1293587192E-02
  5.2849316632E-01  -5.1061434867E-02
  5.3187231804E-01  -5.0826969874E-02
  5.3525130998E-01  -5.0590213243E-02
  5.3863014206E-01  -5.0351185911E-02
  5.4200881422E-01  -5.0109908714E-02
  5.4538732646E-01  -4.9866402383E-02
  5.4876567879E-01  -4.9620687537E-02
  5.5214387127E-01  -4.9372784676E-02
  5.5552190399E-01  -4.9122714173E-02
  5.5889977705E-01  -4.8870496268E-02
  5.6227749060E-01  -4.8616151063E-02
  5.6565504480E-01  -4.8359698509E-02
  5.6903243986E-01  -4.8101158404E-02
  5.7240967597E-01  -4.7840550380E-02
  5.7578675339E-01  -4.7577893900E-02
  5.7916367238E-01  -4.7313208246E-02
  5.8254043321E-01  -4.7046512511E-02
  5.8591703619E-01  -4.6777825593E-02
  5.8929348164E-01  -4.6507166184E-02
  5.9266976988E-01  -4.6234552762E-02
  5.9604590126E-01  -4.5960003581E-02
  5.9942187614E-01  -4.5683536666E-02
  6.0279769490E-01  -4.5405169795E-02
  6.0617335790E-01  -4.5124920501E-02
  6.0954886554E-01  -4.4842806050E-02
  6.1292421821E-01  -4.4558843437E-02
  6.1629941630E-01  -4.4273049373E-02
  6.1967446021E-01  -4.3985440270E-02
  6.2304935035E-01  -4.3696032236E-02
  6.2642408709E-01  -4.3404841059E-02
  6.2979867085E-01  -4.3111882197E-02
  6.3317310200E-01  -4.2817170768E-02
  6.3654738093E-01  -4.2520721541E-02
  6.3992150800E-01  -4.2222548922E-02
  6.4329548359E-01  -4.1922666943E-02
  6.4666930802E-01  -4.1621089256E-02
  6.5004298165E-01  -4.1317829116E-02
  6.5341650478E-01  -4.1012899379E-02
  6.5678987771E-01  -4.0706312481E-02
  6.6016310072E-01  -4.0398080439E-02
  6.6353617406E-01  -4.0088214832E-02
  6.6690909796E-01  -3.9776726794E-02
  6.7028187263E-01  -3.9463627007E-02
  6.7365449825E-01  -3.9148925685E-02
  6.7702697495E-01  -3.8832632569E-02
  6.8039930286E-01  -3.8514756914E-02
  6.8377148206E-01  -3.8195307481E-02
  6.8714351259E-01  -3.7874292527E-02
  6.9051539445E-01  -3.7551719794E-02
  6.9388712762E-01  -3.7227596501E-02
  6.9725871202E-01  -3.6901929333E-02
  7.0063014754E-01  -3.6574724432E-02
  7.0400143400E-01  -3.6245987387E-02
  7.0737257121E-01  -3.5915723237E-02
  7.1074355891E-01  -3.5583936486E-02
  7.1411439679E-01  -3.5250631122E-02
  7.1748508451E-01  -3.4915810640E-02
  7.2085562169E-01  -3.4579478064E-02
  7.2422600790E-01  -3.4241635966E-02
  7.2759624267E-01  -3.3902286488E-02
  7.3096632550E-01  -3.3561431361E-02
  7.3433625584E-01  -3.3219071929E-02
  7.3770603312E-01  -3.2875209167E-02
  7.4107565672E-01  -3.2529843704E-02
  7.4444512599E-01  -3.2182975840E-02
  7.4781444026E-01  -3.1834605573E-02
  7.5118359882E-01  -3.1484732612E-02
  7.5455260093E-01  -3.1133356404E-02
  7.5792144584E-01  -3.0780476152E-02
  7.6129013276E-01  -3.0426090835E-02
  7.6465866087E-01  -3.0070199230E-02
  7.6802702935E-01  -2.9712799930E-02
  7.7139523735E-01  -2.9353891369E-02
  7.7476328400E-01  -2.8993471838E-02
  7.7813116842E-01  -2.8631539506E-02
  7.8149888972E-01  -2.8268092444E-02
  7.8486644698E-01  -2.7903128642E-02
  7.8823383929E-01  -2.7536646028E-02
  7.9160106573E-01  -2.7168642492E-02
  7.9496812536E-01  -2.6799115905E-02
  7.9833501726E-01  -2.6428064139E-02
  8.0170174050E-01  -2.6055485085E-02
  8.0506829413E-01  -2.5681376674E-02
  8.0843467724E-01  -2.5305736880E-02
  8.1180088889E-01  -2.4928563709E-02
  8.1516692815E-01  -2.4549855187E-02
  8.1853279410E-01  -2.4169609349E-02
  8.2189848580E-01  -2.3787824224E-02
  8.2526400231E-01  -2.3404497827E-02
  8.2862934267E-01  -2.3019628141E-02
  8.3199450595E-01  -2.2633213112E-02
  8.3535949118E-01  -2.2245250630E-02
  8.3872429739E-01  -2.1855738522E-02
  8.4208892358E-01  -2.1464674535E-02
  8.4545336877E-01  -2.1072056331E-02
  8.4881763194E-01  -2.0677881466E-02
  8.5218171205E-01  -2.0282147387E-02
  8.5554560806E-01  -1.9884851412E-02
  8.5890931890E-01  -1.9485990724E-02
  8.6227284348E-01  -1.9085562355E-02
  8.6563618068E-01  -1.8683563177E-02
  8.6899932937E-01  -1.8279989888E-02
  8.7236228837E-01  -1.7874839001E-02
  8.7572505648E-01  -1.7468106832E-02
  8.7908763249E-01  -1.7059789487E-02
  8.8245001513E-01  -1.6649882852E-02
  8.8581220311E-01  -1.6238382582E-02
  8.8917419509E-01  -1.5825284084E-02
  8.9253598971E-01  -1.5410582512E-02
  8.9589758556E-01  -1.4994272749E-02
  8.9925898118E-01  -1.4576349401E-02
  9.0262017508E-01  -1.4156806781E-02
  9.0598116572E-01  -1.3735638910E-02
  9.0934195152E-01  -1.3312839549E-02
  9.1270253085E-01  -1.2888402258E-02
  9.1606290207E-01  -1.2462320456E-02
  9.1942306351E-01  -1.2034587477E-02
  9.2278301351E-01  -1.1605196631E-02
  9.2614275036E-01  -1.1174141260E-02
  9.2950227238E-01  -1.0741414798E-02
  9.3286157791E-01  -1.0307010831E-02
  9.3622066529E-01  -9.8709231529E-03
  9.3957953287E-01  -9.4331458251E-03
  9.4293817907E-01  -8.9936732347E-03
  9.4629660232E-01  -8.5525001530E-03
  9.4965480112E-01  -8.1096217936E-03
  9.5301277402E-01  -7.6650338698E-03
  9.5637051964E-01  -7.2187326361E-03
  9.5972803666E-01  -6.7707148761E-03
  9.6308532381E-01  -6.3209778657E-03
  9.6644237991E-01  -5.8695193354E-03
  9.6979920379E-01  -5.4163374320E-03
  9.7315579436E-01  -4.9614306807E-03
  9.7651215057E-01  -4.5047979474E-03
  9.7986827139E-01  -4.0464384001E-03
  9.8322415584E-01  -3.5863514716E-03
  9.8657980297E-01  -3.1245368213E-03
  9.8993521185E-01  -2.6609942973E-03
  9.9329038157E-01  -2.1957238985E-03
  9.9664531125E-01  -1.7287257370E-03
  1.0000000000E+00  -1.2600000000E-03
